,feature_0,feature_1,feature_2,feature_3,feature_4,feature_5,feature_6,feature_7,feature_8,feature_9,feature_10,feature_11,feature_12,feature_13,feature_14,feature_15,feature_16,feature_17,feature_18,feature_19,feature_20,feature_21,feature_22,feature_23,feature_24,feature_25,feature_26,feature_27,feature_28,feature_29,feature_30,feature_31,feature_32,feature_33,feature_34,feature_35,feature_36,feature_37,feature_38,feature_39,feature_40,feature_41,feature_42,feature_43,feature_44,feature_45,feature_46,feature_47,feature_48,feature_49,feature_50,feature_51,feature_52,feature_53,feature_54,feature_55,feature_56,feature_57,feature_58,feature_59,feature_60,feature_61,feature_62,feature_63,feature_64,feature_65,feature_66,feature_67,feature_68,feature_69,feature_70,feature_71,feature_72,feature_73,feature_74,feature_75,feature_76,feature_77,feature_78,feature_79,feature_80,feature_81,feature_82,feature_83,feature_84,feature_85,feature_86,feature_87,feature_88,feature_89,feature_90,feature_91,feature_92,feature_93,feature_94,feature_95,feature_96,feature_97,feature_98,feature_99,target
feature_0,1.0,-0.0007844376660316773,-0.049615810985882615,-0.09829482402684024,0.21264695447949453,0.11184456838988305,-0.09879515288448927,0.024427704709318595,-0.3293935962139539,-0.02663506256307582,-0.035860840635435404,0.018533489804058067,0.014714593125215884,-0.03228403287103093,0.10269632784446767,0.15297502053625134,-0.005078815608170228,0.055381237904187815,0.030284440909028557,0.046125396016191936,0.027788158650103027,0.06701168009296984,-0.024124380830229067,0.21264695447949453,-0.04681625209504162,0.18517788441148103,-0.05097384858136663,-0.020343889186691715,-0.08808668189974925,-0.12014713459221353,-0.03184170043293402,-0.048033602174480834,0.03965190914317431,-0.025625960324843475,-0.015612536875451437,0.07936039516331167,-0.09352901414372701,-0.01696924064015908,-0.05467107763509767,0.02202722258508364,-0.06253527303708561,0.05416130526926547,0.038968345972354095,-0.104849462720543,-0.06303692677785984,-0.08909380451124307,-0.06111123054666338,0.06582340170286907,-0.05469148427914786,0.03937593670962643,-0.014527649622400413,-0.3293935962139539,0.003697911231796321,0.048295067893945956,-0.03540487353030814,-0.057409515258692305,0.0030209134101325972,-0.04051179032259903,0.07818059920686327,-0.018332300592912642,0.07980009219833677,0.1353872307852316,-0.02900818186223493,-0.04733287962137804,0.11184456838988305,0.035807041646451494,0.15567758498968953,0.014714593125215884,-0.06599592804984394,0.017665898388941642,-0.10525157912530105,0.17608488154983723,-0.015294415649753592,-0.0726611059108973,-0.09705389746025421,-0.02900818186223493,-0.05469148427914786,0.06613934520227686,-0.1991447743455579,0.0009261214098305148,-0.08373667319900172,0.046125396016191936,0.023394104352421456,-0.027709494028856002,0.04197083668586743,0.03937593670962643,-0.16924574113670313,-0.06857947865344416,-0.035860840635435404,0.09850204571398026,-0.0304171159532432,-8.040866418053618e-06,-0.010919649319078926,0.01683137109692225,-0.03731148180553741,-0.02663506256307582,-0.048460792936798634,-0.14770313825126027,0.02202834798022303,0.15273379509937782,-0.13837999753079136
feature_1,-0.0007844376660316773,1.0,-0.06721712511536744,0.015020710402354837,0.019131748784111263,-0.015849028772183943,-0.09317146242402748,-0.004777078867000369,-0.0027654247278986062,-0.040291329889434783,-0.06936020349307642,0.017259875137390683,-0.007119450340277533,0.032721375169327674,0.0526096061613458,0.0168369491945734,0.0018895502883078553,0.034964199260600216,0.007545638822126178,-0.01624836021807704,0.013899386067850154,0.040348095472826986,0.008661438887889093,0.019131748784111263,-0.016218925715823312,-0.0040303665824049425,-0.017871942930906236,0.020446014216372696,0.03345992477564981,-0.02010221755496367,-0.014443336083133664,-0.03021672679302777,0.022544241461221238,-0.04814748192999324,-0.019427870298017916,-0.00930067795226066,0.008110138514477698,-0.05358638489051588,-0.045735731976804105,0.0007626276942726613,0.020860558683365726,0.06858392465684937,-0.015270518011658643,-0.06095385058678443,0.021513828637477205,0.0027092849554124104,0.03930576931329719,0.04802785574405973,0.055670490178424806,-0.009584422216901598,0.04059944621908291,-0.0027654247278986062,0.0025372173080914526,-0.01749406663583842,-0.025594350881994573,0.023197107520309884,-0.06768855380253098,-0.03963858394097586,0.0040074802034831694,0.005563990813236716,0.0007203044061352659,0.02963377446103613,0.0015323105587679447,0.008140926337880864,-0.015849028772183943,-0.015073387432970872,-0.03278912457705492,-0.007119450340277533,-0.05131811637142427,0.003923186635571459,-0.041787160104860575,0.01112233427535988,-0.006562435132898799,0.020486077238472122,-0.0104603288994501,0.0015323105587679447,0.055670490178424806,-0.03016790647965221,-0.00854372204788666,-0.008440625283371543,0.051275375470711974,-0.01624836021807704,0.006046953600066244,-0.04393750899817855,0.008910434865870525,-0.009584422216901598,0.001101903242161771,-0.010966954676557585,-0.06936020349307642,0.025963780482772928,0.013505265754048375,0.006970922015249887,0.014837834584339772,-0.07208984154081874,-0.010879704274064888,-0.040291329889434783,0.025363558147116938,-0.007494320821225374,0.02975596204245544,-0.010210066782193581,0.0005712094210704071
feature_2,-0.049615810985882615,-0.06721712511536744,1.0,-0.15346596343885993,-0.06633907525757006,-0.22264078617990726,0.13782615001613785,0.26214308900303335,0.18331845119158047,0.02387910543311458,0.007206695533139079,-0.01215564164817157,0.17793657278831843,0.04081452566196301,-0.20989356114829627,0.2311506564915833,-0.0024195961256827875,-0.03782782521572367,-0.00025673443348555404,0.33169644584947744,0.07693381668222218,0.021407175483418958,-0.02558857062393748,-0.06633907525757006,0.0864520390253094,-0.04817660175391107,0.005232757321565624,0.02719829706122393,-0.021024717173209067,-0.24796984270684852,0.22415608951341534,0.042388864458712774,-0.2125875511704532,-0.034608531031989506,0.034636527805123836,0.07202803293522894,0.0003896735667844639,-0.050565411008399126,0.011176517345278282,-0.0005540907879588529,-0.3387272742794521,0.004916220423092739,0.006996031759953303,-0.030694395679037083,0.18512060602943825,0.08019851524515556,-0.13682905324305678,0.01724899510211236,-0.2645695343658076,0.119270757448192,0.0072960823474768855,0.18331845119158047,0.0275176943082544,-0.09809295015775611,0.32403740954182764,-0.1066294738241583,-0.030643870037253575,0.011928214028092347,-0.09759017841518966,-0.0583703893495002,-0.12413367462052813,0.07828225007145817,-0.06054690362068286,-0.019080136795277897,-0.22264078617990726,-0.04449560167418031,0.10752636628361036,0.17793657278831843,-0.13062806246708095,-0.023702377075709817,-0.15946202816812352,-0.3396249130430792,0.04950374527423477,-0.22833916431370252,0.011580177834352851,-0.06054690362068286,-0.2645695343658076,0.1479889627680887,0.13642915861507568,-0.2489675530414152,-0.08077588350415256,0.33169644584947744,-0.021985001014857286,-0.0008101097446725622,0.03306106205213302,0.119270757448192,-0.12457831250805677,-0.06835929288013179,0.007206695533139079,-0.02369102578751115,-0.32458874113257724,-0.0385402252815762,-0.2833614404647005,-0.05734341970020241,-0.09074493831147834,0.02387910543311458,0.11507145046974546,-0.15724733928543141,0.11631021943448754,0.10774482885256097,-0.014216420167964839
feature_3,-0.09829482402684024,0.015020710402354837,-0.15346596343885993,1.0,-0.10370664946103754,-0.012885216819871448,0.17387922617966906,-0.06748353283624406,0.17188508070037903,-0.04484932493352786,0.24937530501068836,0.03630343623523623,-0.10482535079753146,-0.022584738454030688,0.05222411352144762,-0.021529631488839726,0.023572759696488386,0.008794348739427789,0.07311208354345812,0.044997035460812865,-0.08898466061945766,0.0036543011719268664,-0.05808445486296179,-0.10370664946103754,3.587075529887944e-05,0.030740598912194838,0.012116165676077855,-0.007572210933463391,0.10398541953121922,0.013035605041859907,0.051739969353229116,0.02149484577748788,-0.1540083448592103,-0.06771058346403157,-0.0072321204402579446,0.00958723125039345,0.04065342049385352,-0.015174914543678275,-0.0014864189062460912,-0.031062226223404252,0.15549884013460027,0.06122292441718855,0.022199380943469012,0.06997604876846115,-0.0272109117431283,0.2207313642137709,-0.046637249827262216,-0.01419572324851042,0.12296378371689229,0.021245657210381852,-0.0035983332366516345,0.17188508070037903,-0.014971163445156909,-0.005430106838978808,-0.06309579198086894,-0.028181545127721603,-0.05816722849698744,-0.07191322199041375,0.00570945905025338,0.03965266054598447,-0.0008146345834779685,-0.05320447801800506,-0.03934081419936724,0.06715213359909779,-0.012885216819871448,-0.0014902529493765703,0.2244224935713304,-0.10482535079753146,-0.04782831315437782,0.03523044247366207,0.05199869878098306,0.24086040175968318,0.016381185823373345,-0.0036384277823278575,0.16039218308232184,-0.03934081419936724,0.12296378371689229,0.04235126963400485,-0.06077664613979674,0.2230851438928406,-0.09776625037486139,0.044997035460812865,0.04082058022074154,-0.06684253461134303,-0.0817567683493665,0.021245657210381852,-0.041504310901816915,-0.1604526224496253,0.24937530501068836,-0.02626493974908127,0.20059587963928419,-0.03213794559874179,-0.012192390627226308,-0.017057532696975863,-0.01993024619526955,-0.04484932493352786,-0.08058371544033617,-0.10724945337947353,0.07288468376009942,-0.3469158076369619,-0.15859282029731397
feature_4,0.21264695447949453,0.019131748784111263,-0.06633907525757006,-0.10370664946103754,1.0,0.03506969556928988,-0.19722459653750107,-0.12229077905046647,-0.3264067547083424,0.04233404072483689,0.001484759181974568,-0.04709497022250679,0.03742897465138162,0.15523755746161802,0.07125131931828296,0.12486982248789721,0.007245121888891306,0.05660964298370937,0.1366821291983947,-0.21885775832865126,0.09954245939185143,0.28088730117266997,-0.05427930237158205,1.0,-0.00428081333394594,0.1432738142645405,-0.029687114460488797,0.009374254101126201,-0.0012530768427379444,0.042070022530041835,-0.2577889455046366,0.22434459417011426,0.07019128201045635,0.03930947933275995,0.010142887391889262,-0.006411922254065475,-0.05492719060643062,0.00690325190610971,0.02702048721981465,-0.08481910977432335,0.12380019359230424,0.14141148691071698,-0.026557817297649052,-0.22308810081982233,0.2621555525381248,-0.14964070690584108,-0.1802371571935955,-0.08967309326845735,-0.11896550391456646,0.05288321753651496,-0.16581910327950328,-0.3264067547083424,-0.004014607663307937,0.16433622456341782,-0.04341298327912274,-0.18819671064892582,0.027391833374657372,-0.1868845025100684,0.04608832179700371,-0.07486582496663542,-0.08055233775174588,0.15620943967841636,0.09091975609261284,-0.2745600838517044,0.03506969556928988,0.012889645800321585,0.14821130094203458,0.03742897465138162,0.07568873039301133,-0.011680412500670196,0.028853750009265343,-0.14425751649299795,-0.009189703191067312,-0.14625769290155605,-0.0436927925388544,0.09091975609261284,-0.11896550391456646,0.151549328925274,-0.29185272765344455,-0.17104837039246762,-0.13197159364227964,-0.21885775832865126,0.04163789899627143,0.19759403126899644,-0.050171179548626745,0.05288321753651496,0.13706826668355515,0.11981785350638992,0.001484759181974568,-0.20568504202419932,0.07066937194277993,-0.0022759527566552744,0.13686330864988194,0.030916295952181393,-0.2011137373882939,0.04233404072483689,-0.2365179700715265,0.2522325693342828,0.040102313200739974,0.21783958519659996,0.013488785321337939
feature_5,0.11184456838988305,-0.015849028772183943,-0.22264078617990726,-0.012885216819871448,0.03506969556928988,1.0,-0.11755135831749419,-0.03225608363430911,-0.2723050580213859,-0.0859561502266304,0.158418466517838,-0.04128344274837625,0.07661653521110917,-0.0644683891132869,0.020014330674453986,-0.19126183804139515,-0.007847771733319159,-0.021743494468640222,-0.019906782540190803,-0.09495374850492205,-0.0594371611244389,0.10093317283855843,-0.024876663152003025,0.03506969556928988,-0.04932303686341252,0.11622784674839085,-0.05054150775046379,0.010982502547412884,-0.033329705125010364,0.04608110622829846,-0.07214733584635509,-0.021321418105799114,0.055547568929734455,-0.0022674410291361065,0.027196887585327373,-0.04599574427270325,-0.006490336457962841,-0.17122009177333833,0.007069565765712459,0.009876801107484345,-0.02664128308909788,0.03776672531194191,0.018799590593006225,-0.03703679902340125,0.019818736945246766,-0.11326478778551988,-0.05523992504873391,-0.07490366156228448,-0.049332788360896884,0.046671763543815414,-0.08029185716951445,-0.2723050580213859,-0.05755516356155159,0.17315412720276047,0.01411174189012984,-0.019103943049976924,0.021721679836401657,-0.06305035298657928,-0.10776330367115311,-0.09807807502037472,-0.025617451588650027,0.046262344220822156,-0.016806651638462476,-0.05370290560235304,1.0,-0.0048970512849128515,0.029269681134188392,0.07661653521110917,-0.025558465315666423,0.03190750276594673,0.019935125411575667,0.12119942319889002,-0.0029005040106207867,0.07220226607851019,-0.23289871456992703,-0.016806651638462476,-0.049332788360896884,0.01742608910821797,-0.267543701836342,0.18559895012637945,-0.04189753958522916,-0.09495374850492205,0.004378840150093336,-0.0069737975455962525,0.047229259982093943,0.046671763543815414,0.021513958130896297,0.012130577947143322,0.158418466517838,0.028436523368515418,-0.15030354792067574,0.0664958800872289,0.07584553937985873,0.0866705915488835,-0.021156599652250575,-0.0859561502266304,-0.011107875882300972,0.09345806213891698,0.04441749223871576,0.010236230165197117,0.10178145948495514
feature_6,-0.09879515288448927,-0.09317146242402748,0.13782615001613785,0.17387922617966906,-0.19722459653750107,-0.11755135831749419,1.0,0.05917912599545245,0.1274422480934894,0.0771412065942147,0.08634670856570631,0.02995449700419795,-0.08866324599873429,-0.012145474416459894,-0.017948619600183444,-0.15421477177838824,-0.004766866666052812,0.0001245105371109945,0.06788836174166771,-0.07190099736712452,0.043901401814992067,-0.2023514019777371,0.08289707509117343,-0.19722459653750107,0.0171999531968913,-0.05624094273621202,0.031479906291124606,0.02553915773808642,0.037624368271533086,0.09569584713863317,0.09647386796956907,0.1371529335984807,-0.14504620156536413,-0.09048073624930755,0.02476518085044183,0.015789780686156822,-0.00839794714733795,0.0785536237230767,0.039719927129768025,-0.07737629916948197,0.08157132995435948,-0.08529914442348145,0.05499326861241548,0.06379321735082555,-0.0038485862227073116,0.1555301468451678,-0.003941277178285135,-0.07278929503447132,0.06962110258437766,0.04394259384206688,0.04749397512074961,0.1274422480934894,0.0009284990354886311,0.020304300749471958,-0.043440241195852686,0.09406284640452935,-0.021619124669100126,-0.11632147412957933,-0.10330887246593744,-0.030261831387225973,-0.08298647097433376,-0.0712926954533888,0.020182765114891112,0.010313382558416125,-0.11755135831749423,-0.033828800655731864,-0.21772081529077106,-0.08866324599873429,0.047694361741635195,-0.017549729929379882,0.22513790548103307,0.31483045553352745,0.024385485123615287,0.001993359784622886,0.18393856463611846,0.020182765114891112,0.06962110258437766,0.0161961839055705,0.146315259257553,0.11144696016394118,0.003897350854031509,-0.07190099736712452,0.03167269801977276,0.031134502874525502,-0.03332457824369372,0.04394259384206688,0.004719028711870607,-0.3297584896934779,0.08634670856570631,0.043249175163273014,0.2929369906134101,-0.06796343732180533,0.0672843949157014,-0.05601310308084662,0.1412612348573384,0.0771412065942147,-0.06537846183144937,0.03630422100584093,0.00017996380853609138,-0.24714150844669644,-0.05247370366428708
feature_7,0.024427704709318595,-0.004777078867000369,0.26214308900303335,-0.06748353283624406,-0.12229077905046647,-0.03225608363430911,0.05917912599545245,1.0,-0.010527427695206853,-0.022036381935238214,-0.0987413275645265,0.007415013822383306,-0.04952449311821028,0.024289155259420343,-0.1467415845140133,0.2839085695559683,0.026600612799234737,-0.02274090446461151,-0.061471593075564566,0.10745284855907833,0.1468103323096815,0.02783681361498671,0.2478296315840975,-0.12229077905046648,0.011299674207337122,-0.05541725742403962,0.054752020009742844,0.036442586980970984,-0.19654781631106502,-0.00036341244058743657,0.13832405201350623,-0.008560677415226791,-0.08686140918718452,-0.03132723323147862,0.026182564801959168,0.016151575296795846,-0.0007464907530453546,-0.08619694770351176,0.044444736962023036,0.06664781859279488,-0.13659877991926128,-0.07129364797743525,-0.005673014159095192,0.11242567317598787,-0.13323048960880443,0.19259662192160087,-0.011051770091417945,0.02436834613691072,-0.058656554910663856,0.21760307552411912,0.026980418028461666,-0.010527427695206853,-0.0030674828340311916,-0.2577269395463843,0.1408993538557656,0.06910121444532172,0.0020804599644066372,-0.11121852421559038,0.045143735583171106,0.05149164922840803,0.011733095423361758,-0.2495262909063546,-0.13799449722588167,-0.010448828714854775,-0.032256083634309124,-0.018685640093396096,-0.09923835536053793,-0.04952449311821028,0.05297390363539488,0.03996304348067105,-0.21148451085534056,-0.0470661040754505,-0.03776325113520344,-0.05759679516892862,0.2610533558700083,-0.13799449722588167,-0.058656554910663856,0.07130082793108311,0.20751673465865678,-0.18819887278265132,-0.021410974319458456,0.10745284855907833,-0.018333693901040917,-0.1422543319166841,-0.010742508850145927,0.21760307552411912,-0.07020551210314843,0.06988280480988025,-0.0987413275645265,0.07894117743397941,-0.24023197358894996,0.009626449033261453,0.05728801249433846,-0.06767016943343411,-0.0528883990401461,-0.022036381935238214,0.08731647632458048,-0.288615141538418,-0.029840484575311854,-0.08340349010792424,-0.08655309329403321
feature_8,-0.3293935962139539,-0.0027654247278986062,0.18331845119158047,0.17188508070037903,-0.3264067547083424,-0.2723050580213859,0.1274422480934894,-0.010527427695206853,1.0,0.23286256424007729,0.045809931365315616,0.0052864284975858745,0.16714444718172472,-0.11878195389474937,0.05123153541732926,-0.02151523778201453,0.02875655982493429,-0.013642688927548573,0.012901633602735808,0.07282738791882094,-0.11025863248205574,-0.08694116430476699,0.010215312722624189,-0.32640675470834235,0.028093333590849156,-0.02695922399449102,0.013911718865417306,0.0021938055307989695,-0.16672965186276373,-0.10384583289959587,0.3327382458413195,0.012767148036605301,-0.2690730407499357,0.013344590706357512,-0.014941251916712271,-0.03721656354510231,0.028287699213624812,-0.03651184922256674,-0.04110873575834043,-0.10620972076735183,0.06937897305294277,0.018806956059697153,0.001180457127007804,0.20379011883981094,-0.26458590662977677,0.18822028372437688,0.18729462927800447,0.046105689237746134,-0.13871869380531215,0.0035478919158180924,-0.026185125771986586,1.0,-0.014670816429206894,-0.10410515987497886,0.031306126214469925,0.17458727993493162,-0.01562101383921804,-0.09707691010679155,-0.030008895587808608,0.10523591095645454,-0.143369537432907,0.016858709821037432,0.08567469441958304,0.08165690245254471,-0.2723050580213859,0.0017845409934107753,0.2396531970563008,0.16714444718172472,0.10208311589166927,-0.007718614985229817,0.02301137982454277,0.14092852973655223,0.0034372463476256025,0.16826616331835775,0.25763722265954664,0.08567469441958304,-0.13871869380531215,-0.019560171713361853,0.28200943452742194,-0.043494117672869044,0.2364270272487203,0.07282738791882094,-0.0004913396627010551,-0.11650073312500214,-0.28443795917894726,0.0035478919158180924,-0.046927386890751085,0.12466331078723322,0.045809931365315616,-0.1307147556810951,0.07073758225727887,0.010077896539675796,-0.2957759388691879,-0.06380042251676137,-0.03415553225658961,0.23286256424007729,0.12429661533251521,0.03235903034931838,-0.025471839598154206,-0.34003612071620726,-0.05637004590248725
feature_9,-0.02663506256307582,-0.040291329889434783,0.02387910543311458,-0.04484932493352786,0.04233404072483689,-0.0859561502266304,0.0771412065942147,-0.022036381935238214,0.23286256424007729,1.0,0.20843237408107224,-0.028303656198395193,-0.0762507841412132,-0.04078607302705692,-0.09604152656680744,-0.07010424097572963,-0.008040111232359893,0.004497943978513577,0.038026752328943314,0.0008092015859979026,-0.09444174167873273,-0.1060443610936345,0.10069714156424141,0.04233404072483687,0.010521809272328188,-0.08428150389648595,-0.04918941290733201,0.0032117269786870756,-0.14316771537991288,-0.06106755849052641,0.013941393401836652,0.08539300106105233,-0.1166139840967145,0.007426104123229485,0.027254409774588297,0.0011491438041838688,-0.059210415560973714,0.11451744219413479,-0.03780948916731186,0.02533853057106975,0.05920940546301693,-0.13461278506170526,0.020531571543522274,0.007485446937566011,-0.018938251135114437,0.16533548521965788,-0.004982409803943803,0.12485614243185324,-0.032821962500091555,0.013282163969495598,-0.0016092158212635825,0.23286256424007723,-0.04982695676565135,0.08920791413844102,0.17540252319257194,-0.05965040334694047,0.029468297204066064,0.039766820329632246,0.0670614901430747,0.08976300162615121,0.02158251246674927,0.0484931423764341,0.058491028330781264,-0.01727367329185805,-0.08595615022663042,-0.029258613619227204,0.1946372502861189,-0.0762507841412132,0.06589512262049832,-0.02405279775106843,-0.17042328369229243,0.13734099531738123,0.03785838172601295,-0.04985622767788428,-0.18152694728750618,0.058491028330781264,-0.032821962500091555,-0.0684195070124216,0.03195744200619088,0.08907865969457293,-0.09183933774484597,0.0008092015859979026,-0.01629669838914451,0.041942252146190385,-0.0012427641654590136,0.013282163969495598,0.034695621416684586,-0.03581317340268005,0.20843237408107224,-0.12308359642183604,0.0962475317269668,-0.04805840959873462,-0.06627327938021928,-0.02111535470788004,0.06962691534678392,1.0,-0.019685209610733726,0.2843628792226178,0.09991400699306201,0.20954518052887366,-0.30014485313654676
feature_10,-0.035860840635435404,-0.06936020349307642,0.007206695533139079,0.24937530501068836,0.001484759181974568,0.158418466517838,0.08634670856570631,-0.0987413275645265,0.045809931365315616,0.20843237408107224,1.0,0.04535545320334771,0.08352540809211151,0.09351234952949519,0.008981197687160764,-0.025145368172029083,-0.014199630440316772,-0.03530922156256405,0.0867813727287428,-0.02322457927485897,-0.26303205983025885,-0.14402412757737196,0.2344935824784548,0.001484759181974554,0.014403478053787078,0.06056941002995828,0.011740403534527353,-0.015540530577671154,-0.027331844073116233,-0.09054987640847877,0.15292934905561373,0.23569785825293524,0.053979859280139056,-0.01604655960023831,0.03815834524105173,0.09313560356885109,-0.03777750531200312,0.08798372242250146,-0.017214854930923416,-0.11948119001446658,0.009913573955252889,-0.23476813904601207,-0.018354214607291065,0.19418780864970653,-0.017496594199574424,0.10512975746369031,-0.010397386976111502,-0.18116786741676238,0.17272656375002418,0.09966409265609379,-0.21388094552238,0.0458099313653156,-0.02326647107034769,0.01671467701719507,0.10552098373118142,-0.1347005142915693,-0.03829896786955484,0.18139637594733146,-0.05850933799952079,0.04259026944275577,0.1417746137298004,0.08483040550695306,-0.20907988643058478,-0.20304192343678432,0.15841846651783797,0.022453086147994412,0.28612550175231166,0.08352540809211151,0.15519674158092323,-0.003591134936439626,0.21316101708688723,-0.09364955536883457,0.03249707450960864,0.0880241462078337,0.22382300906124147,-0.20907988643058478,0.17272656375002418,0.18301969759329145,-0.30004658516310545,0.05464459914125271,-0.3096908814070753,-0.02322457927485897,0.037358265916669305,-0.14488701016559777,0.22493644420735026,0.09966409265609379,0.09160065643315354,-0.16574819267523339,1.0,-0.22696072660641067,0.049315664308156246,0.020751733950017455,-0.2648370162874294,0.014129753864676709,-0.1444627512754429,0.20843237408107224,-0.10509755393892642,0.04478544326172892,0.18265893745897097,-0.1339102050663473,-0.16691323709155695
feature_11,0.018533489804058067,0.017259875137390683,-0.01215564164817157,0.03630343623523623,-0.04709497022250679,-0.04128344274837625,0.02995449700419795,0.007415013822383306,0.0052864284975858745,-0.028303656198395193,0.04535545320334771,1.0,-0.008729989423444318,0.01319399655140173,0.0552899808561195,0.02940641660500934,-0.025527586801857568,0.004495351175471796,-0.01789442565736801,0.016917960305253357,0.01471096224490789,-0.0666910157405705,0.02017620876694565,-0.04709497022250677,0.03942567978471148,0.00627435905881019,-0.0055905832509917765,0.032195365130027326,0.04332052942738875,-0.020135322433601218,0.02956089848516833,-0.019861129273347825,0.04652863311650572,0.004362126246439819,-0.0028542403671258537,-0.02016384927756262,0.03867801105980656,0.0024501315139035334,0.02516628799971257,0.02247125138005172,0.053003852263295854,-0.023054411609951826,0.0028098910216263987,0.01746193204046058,-0.021057423693566887,0.019346942916604333,0.024404934612676576,-0.0004966709745905021,0.03300584184412093,0.035240019743356624,-0.028426330563900183,0.005286428497585871,0.0008911711785615765,-0.01940043354537749,0.007585026763963599,-0.001914803732184222,-0.016598122225632044,-0.02784408793703194,-0.0210284450866653,0.03131166581946048,-0.02193778213757671,0.0024338389820595294,-0.043808242858245715,-0.012112623556803533,-0.04128344274837625,-0.009117195852658811,-0.03926100758216973,-0.008729989423444318,0.07031351783065766,0.005876037823642652,0.04966778781202131,0.01872590368402015,-0.018178723289648976,-0.02812818199654144,0.012273703285504471,-0.043808242858245715,0.03300584184412093,-0.0364574733516172,0.02765925184827326,0.01689976694316666,-0.0037197959113191284,0.016917960305253357,0.011688002681212263,-0.01598708991279066,0.05103509636815749,0.035240019743356624,0.03611670507904459,-0.0725018683753602,0.04535545320334771,0.003381723673612807,0.05443993481714294,-0.01986486728457069,-0.057850368252504225,0.0386145266485411,0.06648465226914216,-0.02830365619839519,0.0625569290931012,-0.00876660240477614,-0.008850112383769312,-0.04176873301059007,0.0016206301744213251
feature_12,0.014714593125215884,-0.007119450340277533,0.17793657278831843,-0.10482535079753146,0.03742897465138162,0.07661653521110917,-0.08866324599873429,-0.04952449311821028,0.16714444718172472,-0.0762507841412132,0.08352540809211151,-0.008729989423444318,1.0,0.06519169131858664,0.08082586540664714,0.026165618361106865,-0.024433697096794743,-0.007940315455112142,-0.20695353102188654,-0.05678203756320104,-0.010948611104024654,-0.0340138240859819,0.06460545063623023,0.03742897465138161,0.012816549643343347,-0.06022321530991329,-0.013977167291309819,0.014047648392338819,-0.0886112752377152,-0.03642733838873023,0.10753605052893268,-0.01002563282105385,0.1021271002101268,0.04330783711945198,-0.03975751486410967,-0.03301973567526124,0.027148469602464826,-0.02150422708995355,0.006505770881793975,-0.08761671797285572,-0.05953733873147844,-0.06310729574243293,0.002783702890616231,-0.09838197505773355,-0.04269624909676397,-0.11347695136738879,0.169787273328131,0.07207648348327796,-0.13400712415882896,0.06066534124474065,-0.09320366370298047,0.1671444471817247,0.008846396630282702,-0.3260159004533168,-0.0019667496476609126,0.001305640249606946,0.03283426430617446,-0.07044388245417257,-0.06695846102338457,-0.11919730505789933,-0.03279292648916643,0.17088108873841998,-0.09811915745146747,-0.15125208065304035,0.07661653521110921,-0.024126625916879307,-0.18542380541688963,1.0,0.016881643568978043,-0.010423224648085797,-0.2321470749634598,-0.14025906221024428,0.08960924032204333,-0.03773752421303339,0.04887281254396804,-0.09811915745146747,-0.13400712415882896,-0.07352792189600066,-0.16759866184105585,-0.029204408508507314,0.026265852041534917,-0.05678203756320104,-0.03585984326894321,-0.06850625007335273,0.05710207162047026,0.06066534124474065,0.027735160513618174,0.010142893975138172,0.08352540809211152,0.12248738913597458,-0.006136210717225554,0.026534806143048612,-0.14187570213258355,-0.03694418870701284,0.1703491221039623,-0.07625078414121321,0.07274788399127725,-0.024870776633736998,-0.14423503569347718,0.08712605040529757,0.12787085295733733
feature_13,-0.03228403287103093,0.032721375169327674,0.04081452566196301,-0.022584738454030688,0.15523755746161802,-0.0644683891132869,-0.012145474416459894,0.024289155259420343,-0.11878195389474937,-0.04078607302705692,0.09351234952949519,0.01319399655140173,0.06519169131858664,1.0,-0.10935537201885046,0.05625767585232796,-0.012196233064757287,-0.006382182640243927,-0.024932233312549117,0.09837794494377645,-0.03704676868126278,0.02956561208577166,0.026055553252458823,0.15523755746161802,0.009445763794025602,0.005861885652755845,-0.008185289369323378,-0.02952195907710012,-0.05634033956575774,-0.08411688218652466,0.0164349586738348,-0.024743421185373635,-0.008907407141955244,-0.04724912938572458,0.0018337829891042095,-0.1345744156596025,0.027335394102515127,-0.04978239725913835,0.009445009820058256,-0.0382465925741054,-0.01708300467808905,0.05515674886397593,0.010654077545274209,0.08923931913378809,-0.022154454943751244,0.06762932141400863,0.031599266699409184,0.0741044743249209,-0.021523744186462364,-0.03296766603109253,0.025618335646407635,-0.11878195389474937,0.02844524023503279,0.0739375150740734,-0.027541295305136073,-0.010194823138199255,0.008557466236583648,0.19963180884169757,0.02919217133039529,0.11057792952395891,-0.021897722782774732,0.18286553600428146,0.02187686315145721,-0.09394392535900095,-0.06446838911328688,0.06561975961810693,-0.1072816537994016,0.06519169131858664,-0.05217854913037044,-0.01231511669363165,0.14004880227580047,-0.23409399043939585,0.03840064404618741,-0.10185700865794912,0.08058530287520155,0.02187686315145721,-0.021523744186462364,0.0710625600464435,-0.19604555843725108,0.10353998502584012,-0.008058117408610177,0.09837794494377645,-0.009829943664860823,0.028086759593193445,-0.028571601952616255,-0.03296766603109253,-0.07456578465055544,-0.08697404792675605,0.09351234952949519,-0.2041926540310359,-0.013518560908261814,-0.04815109292691373,-0.02469302065739199,-0.09383541759035324,-0.07117704638011176,-0.04078607302705692,0.018258147159540463,-0.21904312652205027,0.015728628595726723,-0.057570547022060756,0.06952775664140255
feature_14,0.10269632784446767,0.0526096061613458,-0.20989356114829627,0.05222411352144762,0.07125131931828296,0.020014330674453986,-0.017948619600183444,-0.1467415845140133,0.05123153541732926,-0.09604152656680744,0.008981197687160764,0.0552899808561195,0.08082586540664714,-0.10935537201885046,1.0,-0.05545793215858259,-0.01042614927145155,0.00986044584801242,-0.029510277138417945,-0.10355869469554714,-0.0014511232395832232,-0.064496099947333,-0.04711330117740117,0.07125131931828294,-0.027852636522104464,0.10263105470282752,-0.0056862036873417425,-0.03144032562340836,-0.012536102487777288,-0.05279027614627031,0.00974631844906108,-0.12191305446728462,0.015657850744320162,0.00981768813324654,-0.0306913703232669,0.043224149556099684,0.006639184167343907,-0.05717484260972175,-0.015505221836486687,-0.025690336443668454,0.00712788010068172,-0.051621939783495364,-0.06421999893337241,-0.10771186285453227,-0.021439477115013005,0.006722589375149844,0.0705888695010355,-2.732033423707937e-05,0.14799284192894918,0.017338332009070444,-0.04964731254066161,0.05123153541732926,0.022303493335604132,0.1158315176004404,-0.1852785754703198,-0.0013705400037647868,0.009903681244943386,-0.04826242935286587,-0.12452535763306395,-0.0671792065932113,0.0037699530671183885,-0.06366172507716486,0.07543003513877071,0.06977317917820762,0.020014330674453983,0.014095219750475452,-0.008710983921788316,0.08082586540664712,0.04781520234862703,-0.0007567988669903987,0.0960955925549019,0.0777588342828736,0.009684789627515683,0.03181587592439991,0.1416172399363592,0.07543003513877071,0.14799284192894918,-0.10988259392565836,-0.18886290392471675,0.03131727535638971,-0.03498471879376468,-0.10355869469554714,0.02949236990382162,-0.011890350696742338,0.016070849297585024,0.017338332009070444,-0.003548618396724908,-0.1885221978567259,0.008981197687160759,0.04469127394257812,0.1868496093149726,0.001176098809530902,0.011791055050131553,0.013324343011517067,-0.004546509990852006,-0.09604152656680745,-0.1002740898627677,-0.0034917887766075894,-0.03856632593809773,-0.14556006707701782,-0.015910768255393302
feature_15,0.15297502053625134,0.0168369491945734,0.2311506564915833,-0.021529631488839726,0.12486982248789721,-0.19126183804139515,-0.15421477177838824,0.2839085695559683,-0.02151523778201453,-0.07010424097572963,-0.025145368172029083,0.02940641660500934,0.026165618361106865,0.05625767585232796,-0.05545793215858259,1.0,-0.01924236966341592,0.012013491513627185,0.04682319471657186,0.16910009085815983,0.3457550828584871,0.04708971678221151,0.20931464305100017,0.12486982248789721,0.04950489413689815,0.018213453386589504,0.0032479696631312937,-0.000178340625635941,0.07744665565446303,-0.307733115657493,0.23691528820301544,0.2741800612227351,0.003264463273719755,-0.030119166642393357,-0.01324764699539865,-0.11995313208416693,-0.003080601203405792,0.05027076954758035,0.014337350395646589,-0.01917107588012074,0.006150903148231948,-0.19831415470635574,0.030200855744182586,-0.2005218720482334,-0.23494061849187897,-0.0060490170540212045,0.0001922527279161963,0.10487996391808767,0.027017995710813585,0.09237223968608674,-0.05397760196297853,-0.02151523778201452,-0.007150527783074673,-0.2325569477584937,0.2533241895200582,-0.14815717014391655,0.006392234635053125,0.17334328938629204,-0.03328188604421397,0.07373281172193379,-0.17981658077426232,0.3054976994888066,-0.029626335105148095,-0.05218029313125451,-0.19126183804139518,0.043350388865004495,0.06275914134436332,0.02616561836110686,-0.12032512448427131,-0.024628319424852402,-0.029269917332062075,-0.06960187518652731,-0.024744311995055546,-0.2740059646387953,0.09377304034819815,-0.029626335105148095,0.027017995710813585,-0.06659472918030218,-0.09133263878456613,-0.21583757828328282,-0.21857293893973753,0.16910009085815983,0.044301324313148246,-0.058981110793202805,-0.3194070391003353,0.09237223968608674,0.08890615692967384,-0.13486195976608056,-0.02514536817202911,0.13715533215960318,0.008627392418854086,-0.021066648282692918,-0.02069405037549659,-0.08191378909639206,-0.2770272893507671,-0.07010424097572963,0.18147259452661618,-0.017513071716108813,0.05727944871370136,0.03873973138606945,-0.18838285438548022
feature_16,-0.005078815608170228,0.0018895502883078553,-0.0024195961256827875,0.023572759696488386,0.007245121888891306,-0.007847771733319159,-0.004766866666052812,0.026600612799234737,0.02875655982493429,-0.008040111232359893,-0.014199630440316772,-0.025527586801857568,-0.024433697096794743,-0.012196233064757287,-0.01042614927145155,-0.01924236966341592,1.0,0.04661119703054022,0.02189792827449517,0.016045540818684225,-0.039205818506315666,0.03258158752178323,0.030619460573634266,0.007245121888891321,0.010776749238278012,0.06202554835353278,-0.012386911068152285,-0.006861715803183492,0.0024173203546206073,-0.03823473972379243,-0.007473478900835238,-0.0032516179032417184,-0.04067145216793275,0.015014390632095908,0.01734370315710514,-0.0054884947856411025,-0.00192222736078223,-0.006620598684361489,0.03384184636102128,0.0022048383326145927,0.012192394983552752,0.009590984937179924,0.014982529718217862,0.006727402935438808,0.02377593282626775,0.0001764947882901148,0.04006354467747495,-0.025196116553527242,0.02541456755469224,-0.056767031324983605,0.07233265814761296,0.028756559824934292,-0.03998874020333039,-0.007884448684885612,0.00867560297421834,0.01580500385753083,0.004811148279208339,0.013183913357713007,0.04978547030806312,0.01190679894843956,-0.014862825085083466,0.010180315158903053,0.004305204249394857,0.04877139257575444,-0.007847771733319159,0.015298744588040694,0.008747861838254196,-0.02443369709679473,-0.05552629664852769,0.0175443467353137,0.042388454624886794,0.012826679272383248,-0.021871117297572452,-0.006152607262655347,0.049801989674082184,0.004305204249394857,0.02541456755469224,0.10185180036521636,-0.0003490069863186567,-0.00025607212262561695,0.017623041709641164,0.016045540818684225,0.0006039112880110477,0.03475131056855312,-0.02473744681385199,-0.056767031324983605,0.048106460793578124,0.03556974523614048,-0.014199630440316758,-0.02784061206473664,-0.0067871274085409975,-0.0017144044991588953,-0.023755268182585852,0.008814343290821201,-0.002185295754932187,-0.008040111232359896,-0.025002156040958106,0.011198327465652793,0.012189647043003966,-0.04270261620466764,-0.07274166489718067
feature_17,0.055381237904187815,0.034964199260600216,-0.03782782521572367,0.008794348739427789,0.05660964298370937,-0.021743494468640222,0.0001245105371109945,-0.02274090446461151,-0.013642688927548573,0.004497943978513577,-0.03530922156256405,0.004495351175471796,-0.007940315455112142,-0.006382182640243927,0.00986044584801242,0.012013491513627185,0.04661119703054022,1.0,0.05095468259053904,0.009543457088663517,0.022892838129063835,0.04866880955762113,-0.03945766390283288,0.056609642983709386,-0.010288757965286688,0.02398869207539381,0.024105538222190123,-0.015674473351461337,-0.005747303576380964,0.01970040772780063,-0.007750335155487194,0.006664698440110156,0.03277807559325709,0.013467904080676333,-0.045894559938080795,-0.03823090838312113,-0.004114114379588088,0.041019713292280116,-0.04595639727891443,0.007236509268718542,0.029810438175883018,0.015329223022512878,0.014931135157814175,0.005689470054510882,0.01472514395440104,-0.012404587996742785,0.023144892345935253,0.019113284306998515,0.03069213147260691,0.027210093913630322,-0.04805814486498753,-0.013642688927548597,-0.009703468559081583,0.07392735276506442,-0.04042777828616111,-0.01521163485974138,0.013482298986810585,-0.008984232588900598,-0.0011210009020400135,0.0014945666870162613,0.011668268925133821,0.02630820401245105,0.06791907449942224,0.011398520965994417,-0.021743494468640226,-0.03166188450153579,0.02612162638655428,-0.007940315455112134,-0.00045804848986245774,-0.010253252744142412,0.017928814620281473,0.014396116774872902,-0.046381716680928435,-0.023185968158229216,-0.002089228681288318,0.06791907449942224,0.03069213147260691,-0.02211025921613616,-0.0032404731330136763,-0.00047886563898451984,0.010211159223045363,0.009543457088663517,-0.017819663187916945,0.03230187057889577,-0.00853952611542406,0.027210093913630322,-0.009880792112510042,-0.011889804751776353,-0.03530922156256407,-0.03622904512519765,0.011348638466475356,0.0421163866041104,0.03296866544126758,-0.010341932546251367,0.010140718394995727,0.004497943978513583,0.01808955106202009,0.011916765494389156,0.03180407974290334,-0.017205129896453467,-0.019609357533109977
